{
 "cells": [
  {
   "cell_type": "code",
   "execution_count": 75,
   "metadata": {},
   "outputs": [],
   "source": [
    "import pandas as pd\n",
    "import numpy as np"
   ]
  },
  {
   "cell_type": "code",
   "execution_count": 76,
   "metadata": {},
   "outputs": [
    {
     "data": {
      "text/html": [
       "<div>\n",
       "<style scoped>\n",
       "    .dataframe tbody tr th:only-of-type {\n",
       "        vertical-align: middle;\n",
       "    }\n",
       "\n",
       "    .dataframe tbody tr th {\n",
       "        vertical-align: top;\n",
       "    }\n",
       "\n",
       "    .dataframe thead th {\n",
       "        text-align: right;\n",
       "    }\n",
       "</style>\n",
       "<table border=\"1\" class=\"dataframe\">\n",
       "  <thead>\n",
       "    <tr style=\"text-align: right;\">\n",
       "      <th></th>\n",
       "      <th>date</th>\n",
       "      <th>spx</th>\n",
       "      <th>dax</th>\n",
       "      <th>ftse</th>\n",
       "      <th>nikkei</th>\n",
       "    </tr>\n",
       "  </thead>\n",
       "  <tbody>\n",
       "    <tr>\n",
       "      <th>0</th>\n",
       "      <td>07/01/1994</td>\n",
       "      <td>469.90</td>\n",
       "      <td>2224.95</td>\n",
       "      <td>3445.98</td>\n",
       "      <td>18124.01</td>\n",
       "    </tr>\n",
       "    <tr>\n",
       "      <th>1</th>\n",
       "      <td>10/01/1994</td>\n",
       "      <td>475.27</td>\n",
       "      <td>2225.00</td>\n",
       "      <td>3440.58</td>\n",
       "      <td>18443.44</td>\n",
       "    </tr>\n",
       "    <tr>\n",
       "      <th>2</th>\n",
       "      <td>11/01/1994</td>\n",
       "      <td>474.13</td>\n",
       "      <td>2228.10</td>\n",
       "      <td>3413.77</td>\n",
       "      <td>18485.25</td>\n",
       "    </tr>\n",
       "    <tr>\n",
       "      <th>3</th>\n",
       "      <td>12/01/1994</td>\n",
       "      <td>474.17</td>\n",
       "      <td>2182.06</td>\n",
       "      <td>3372.02</td>\n",
       "      <td>18793.88</td>\n",
       "    </tr>\n",
       "    <tr>\n",
       "      <th>4</th>\n",
       "      <td>13/01/1994</td>\n",
       "      <td>472.47</td>\n",
       "      <td>2142.37</td>\n",
       "      <td>3360.01</td>\n",
       "      <td>18577.26</td>\n",
       "    </tr>\n",
       "  </tbody>\n",
       "</table>\n",
       "</div>"
      ],
      "text/plain": [
       "         date     spx      dax     ftse    nikkei\n",
       "0  07/01/1994  469.90  2224.95  3445.98  18124.01\n",
       "1  10/01/1994  475.27  2225.00  3440.58  18443.44\n",
       "2  11/01/1994  474.13  2228.10  3413.77  18485.25\n",
       "3  12/01/1994  474.17  2182.06  3372.02  18793.88\n",
       "4  13/01/1994  472.47  2142.37  3360.01  18577.26"
      ]
     },
     "execution_count": 76,
     "metadata": {},
     "output_type": "execute_result"
    }
   ],
   "source": [
    "raw_csv_data = pd.read_csv(\"../Data/index2018.csv\")\n",
    "df_comp = raw_csv_data.copy()\n",
    "df_comp.head()"
   ]
  },
  {
   "cell_type": "markdown",
   "metadata": {},
   "source": [
    "### Length of the time Period"
   ]
  },
  {
   "cell_type": "code",
   "execution_count": 77,
   "metadata": {},
   "outputs": [
    {
     "data": {
      "text/plain": [
       "count           6269\n",
       "unique          6269\n",
       "top       07/01/1994\n",
       "freq               1\n",
       "Name: date, dtype: object"
      ]
     },
     "execution_count": 77,
     "metadata": {},
     "output_type": "execute_result"
    }
   ],
   "source": [
    "df_comp.date.describe()"
   ]
  },
  {
   "cell_type": "code",
   "execution_count": 78,
   "metadata": {},
   "outputs": [
    {
     "name": "stdout",
     "output_type": "stream",
     "text": [
      "<class 'pandas.core.frame.DataFrame'>\n",
      "RangeIndex: 6269 entries, 0 to 6268\n",
      "Data columns (total 5 columns):\n",
      " #   Column  Non-Null Count  Dtype         \n",
      "---  ------  --------------  -----         \n",
      " 0   date    6269 non-null   datetime64[ns]\n",
      " 1   spx     6269 non-null   float64       \n",
      " 2   dax     6269 non-null   float64       \n",
      " 3   ftse    6269 non-null   float64       \n",
      " 4   nikkei  6269 non-null   float64       \n",
      "dtypes: datetime64[ns](1), float64(4)\n",
      "memory usage: 245.0 KB\n"
     ]
    }
   ],
   "source": [
    "df_comp.date = pd.to_datetime(df_comp.date, dayfirst=True)\n",
    "df_comp.info()"
   ]
  },
  {
   "cell_type": "code",
   "execution_count": 79,
   "metadata": {},
   "outputs": [
    {
     "data": {
      "text/plain": [
       "count                             6269\n",
       "mean     2006-01-14 19:36:59.492742144\n",
       "min                1994-01-07 00:00:00\n",
       "25%                2000-01-11 00:00:00\n",
       "50%                2006-01-12 00:00:00\n",
       "75%                2012-01-19 00:00:00\n",
       "max                2018-01-29 00:00:00\n",
       "Name: date, dtype: object"
      ]
     },
     "execution_count": 79,
     "metadata": {},
     "output_type": "execute_result"
    }
   ],
   "source": [
    "df_comp.date.describe()"
   ]
  },
  {
   "cell_type": "markdown",
   "metadata": {},
   "source": [
    "### Setting the index\n",
    "! Important"
   ]
  },
  {
   "cell_type": "code",
   "execution_count": 80,
   "metadata": {},
   "outputs": [
    {
     "data": {
      "text/html": [
       "<div>\n",
       "<style scoped>\n",
       "    .dataframe tbody tr th:only-of-type {\n",
       "        vertical-align: middle;\n",
       "    }\n",
       "\n",
       "    .dataframe tbody tr th {\n",
       "        vertical-align: top;\n",
       "    }\n",
       "\n",
       "    .dataframe thead th {\n",
       "        text-align: right;\n",
       "    }\n",
       "</style>\n",
       "<table border=\"1\" class=\"dataframe\">\n",
       "  <thead>\n",
       "    <tr style=\"text-align: right;\">\n",
       "      <th></th>\n",
       "      <th>spx</th>\n",
       "      <th>dax</th>\n",
       "      <th>ftse</th>\n",
       "      <th>nikkei</th>\n",
       "    </tr>\n",
       "    <tr>\n",
       "      <th>date</th>\n",
       "      <th></th>\n",
       "      <th></th>\n",
       "      <th></th>\n",
       "      <th></th>\n",
       "    </tr>\n",
       "  </thead>\n",
       "  <tbody>\n",
       "    <tr>\n",
       "      <th>1994-01-07</th>\n",
       "      <td>469.90</td>\n",
       "      <td>2224.95</td>\n",
       "      <td>3445.98</td>\n",
       "      <td>18124.01</td>\n",
       "    </tr>\n",
       "    <tr>\n",
       "      <th>1994-01-10</th>\n",
       "      <td>475.27</td>\n",
       "      <td>2225.00</td>\n",
       "      <td>3440.58</td>\n",
       "      <td>18443.44</td>\n",
       "    </tr>\n",
       "    <tr>\n",
       "      <th>1994-01-11</th>\n",
       "      <td>474.13</td>\n",
       "      <td>2228.10</td>\n",
       "      <td>3413.77</td>\n",
       "      <td>18485.25</td>\n",
       "    </tr>\n",
       "    <tr>\n",
       "      <th>1994-01-12</th>\n",
       "      <td>474.17</td>\n",
       "      <td>2182.06</td>\n",
       "      <td>3372.02</td>\n",
       "      <td>18793.88</td>\n",
       "    </tr>\n",
       "    <tr>\n",
       "      <th>1994-01-13</th>\n",
       "      <td>472.47</td>\n",
       "      <td>2142.37</td>\n",
       "      <td>3360.01</td>\n",
       "      <td>18577.26</td>\n",
       "    </tr>\n",
       "  </tbody>\n",
       "</table>\n",
       "</div>"
      ],
      "text/plain": [
       "               spx      dax     ftse    nikkei\n",
       "date                                          \n",
       "1994-01-07  469.90  2224.95  3445.98  18124.01\n",
       "1994-01-10  475.27  2225.00  3440.58  18443.44\n",
       "1994-01-11  474.13  2228.10  3413.77  18485.25\n",
       "1994-01-12  474.17  2182.06  3372.02  18793.88\n",
       "1994-01-13  472.47  2142.37  3360.01  18577.26"
      ]
     },
     "execution_count": 80,
     "metadata": {},
     "output_type": "execute_result"
    }
   ],
   "source": [
    "df_comp.set_index(\"date\", inplace=True)\n",
    "df_comp.head()"
   ]
  },
  {
   "cell_type": "markdown",
   "metadata": {},
   "source": [
    "### setting desired frequency\n",
    "cela nous permet de mieux naviguer dans nos données"
   ]
  },
  {
   "cell_type": "code",
   "execution_count": 81,
   "metadata": {},
   "outputs": [
    {
     "data": {
      "text/html": [
       "<div>\n",
       "<style scoped>\n",
       "    .dataframe tbody tr th:only-of-type {\n",
       "        vertical-align: middle;\n",
       "    }\n",
       "\n",
       "    .dataframe tbody tr th {\n",
       "        vertical-align: top;\n",
       "    }\n",
       "\n",
       "    .dataframe thead th {\n",
       "        text-align: right;\n",
       "    }\n",
       "</style>\n",
       "<table border=\"1\" class=\"dataframe\">\n",
       "  <thead>\n",
       "    <tr style=\"text-align: right;\">\n",
       "      <th></th>\n",
       "      <th>spx</th>\n",
       "      <th>dax</th>\n",
       "      <th>ftse</th>\n",
       "      <th>nikkei</th>\n",
       "    </tr>\n",
       "    <tr>\n",
       "      <th>date</th>\n",
       "      <th></th>\n",
       "      <th></th>\n",
       "      <th></th>\n",
       "      <th></th>\n",
       "    </tr>\n",
       "  </thead>\n",
       "  <tbody>\n",
       "    <tr>\n",
       "      <th>1994-01-07</th>\n",
       "      <td>469.90</td>\n",
       "      <td>2224.95</td>\n",
       "      <td>3445.98</td>\n",
       "      <td>18124.01</td>\n",
       "    </tr>\n",
       "    <tr>\n",
       "      <th>1994-01-10</th>\n",
       "      <td>475.27</td>\n",
       "      <td>2225.00</td>\n",
       "      <td>3440.58</td>\n",
       "      <td>18443.44</td>\n",
       "    </tr>\n",
       "    <tr>\n",
       "      <th>1994-01-11</th>\n",
       "      <td>474.13</td>\n",
       "      <td>2228.10</td>\n",
       "      <td>3413.77</td>\n",
       "      <td>18485.25</td>\n",
       "    </tr>\n",
       "    <tr>\n",
       "      <th>1994-01-12</th>\n",
       "      <td>474.17</td>\n",
       "      <td>2182.06</td>\n",
       "      <td>3372.02</td>\n",
       "      <td>18793.88</td>\n",
       "    </tr>\n",
       "    <tr>\n",
       "      <th>1994-01-13</th>\n",
       "      <td>472.47</td>\n",
       "      <td>2142.37</td>\n",
       "      <td>3360.01</td>\n",
       "      <td>18577.26</td>\n",
       "    </tr>\n",
       "  </tbody>\n",
       "</table>\n",
       "</div>"
      ],
      "text/plain": [
       "               spx      dax     ftse    nikkei\n",
       "date                                          \n",
       "1994-01-07  469.90  2224.95  3445.98  18124.01\n",
       "1994-01-10  475.27  2225.00  3440.58  18443.44\n",
       "1994-01-11  474.13  2228.10  3413.77  18485.25\n",
       "1994-01-12  474.17  2182.06  3372.02  18793.88\n",
       "1994-01-13  472.47  2142.37  3360.01  18577.26"
      ]
     },
     "execution_count": 81,
     "metadata": {},
     "output_type": "execute_result"
    }
   ],
   "source": [
    "df_comp = df_comp.asfreq('b') # previously i've put 'd', but market indexes in only available in business days\n",
    "df_comp.head()"
   ]
  },
  {
   "cell_type": "markdown",
   "metadata": {},
   "source": [
    "### Handling missing values"
   ]
  },
  {
   "cell_type": "code",
   "execution_count": 82,
   "metadata": {},
   "outputs": [
    {
     "data": {
      "text/plain": [
       "spx       8\n",
       "dax       8\n",
       "ftse      8\n",
       "nikkei    8\n",
       "dtype: int64"
      ]
     },
     "execution_count": 82,
     "metadata": {},
     "output_type": "execute_result"
    }
   ],
   "source": [
    "df_comp.isna().sum()"
   ]
  },
  {
   "cell_type": "markdown",
   "metadata": {},
   "source": [
    "rappelons qu'il n'y avait pas de valeurs manquantes dans les données de bases, mais en y ajoutant des fréquences nous nous rendons comptes que si..."
   ]
  },
  {
   "cell_type": "markdown",
   "metadata": {},
   "source": [
    "Il y existe plusieurs manière de gérer ces valeurs manquantes, l'une d'elle est fillna():\n",
    "- front filling : assigns the value of the previous period\n",
    "- back filling : assigns the value of the next period\n",
    "- assigning the same value: like average (bad approach for time series because the data follows a mean curve )"
   ]
  },
  {
   "cell_type": "code",
   "execution_count": 83,
   "metadata": {},
   "outputs": [
    {
     "name": "stderr",
     "output_type": "stream",
     "text": [
      "C:\\Users\\herma\\AppData\\Local\\Temp\\ipykernel_4980\\247795352.py:1: FutureWarning: Series.fillna with 'method' is deprecated and will raise in a future version. Use obj.ffill() or obj.bfill() instead.\n",
      "  df_comp.spx = df_comp.spx.fillna(method=\"ffill\")\n"
     ]
    }
   ],
   "source": [
    "df_comp.spx = df_comp.spx.fillna(method=\"ffill\")"
   ]
  },
  {
   "cell_type": "code",
   "execution_count": 84,
   "metadata": {},
   "outputs": [],
   "source": [
    "df_comp.ftse = df_comp.ftse.bfill()\n",
    "df_comp.dax = df_comp.dax.bfill()"
   ]
  },
  {
   "cell_type": "code",
   "execution_count": 85,
   "metadata": {},
   "outputs": [
    {
     "data": {
      "text/plain": [
       "spx       0\n",
       "dax       0\n",
       "ftse      0\n",
       "nikkei    8\n",
       "dtype: int64"
      ]
     },
     "execution_count": 85,
     "metadata": {},
     "output_type": "execute_result"
    }
   ],
   "source": [
    "df_comp.isna().sum()"
   ]
  },
  {
   "cell_type": "markdown",
   "metadata": {},
   "source": [
    "### Simplifying the dataset"
   ]
  },
  {
   "cell_type": "code",
   "execution_count": 86,
   "metadata": {},
   "outputs": [
    {
     "data": {
      "text/html": [
       "<div>\n",
       "<style scoped>\n",
       "    .dataframe tbody tr th:only-of-type {\n",
       "        vertical-align: middle;\n",
       "    }\n",
       "\n",
       "    .dataframe tbody tr th {\n",
       "        vertical-align: top;\n",
       "    }\n",
       "\n",
       "    .dataframe thead th {\n",
       "        text-align: right;\n",
       "    }\n",
       "</style>\n",
       "<table border=\"1\" class=\"dataframe\">\n",
       "  <thead>\n",
       "    <tr style=\"text-align: right;\">\n",
       "      <th></th>\n",
       "      <th>market_value</th>\n",
       "    </tr>\n",
       "    <tr>\n",
       "      <th>date</th>\n",
       "      <th></th>\n",
       "    </tr>\n",
       "  </thead>\n",
       "  <tbody>\n",
       "    <tr>\n",
       "      <th>1994-01-07</th>\n",
       "      <td>469.90</td>\n",
       "    </tr>\n",
       "    <tr>\n",
       "      <th>1994-01-10</th>\n",
       "      <td>475.27</td>\n",
       "    </tr>\n",
       "    <tr>\n",
       "      <th>1994-01-11</th>\n",
       "      <td>474.13</td>\n",
       "    </tr>\n",
       "    <tr>\n",
       "      <th>1994-01-12</th>\n",
       "      <td>474.17</td>\n",
       "    </tr>\n",
       "    <tr>\n",
       "      <th>1994-01-13</th>\n",
       "      <td>472.47</td>\n",
       "    </tr>\n",
       "  </tbody>\n",
       "</table>\n",
       "</div>"
      ],
      "text/plain": [
       "            market_value\n",
       "date                    \n",
       "1994-01-07        469.90\n",
       "1994-01-10        475.27\n",
       "1994-01-11        474.13\n",
       "1994-01-12        474.17\n",
       "1994-01-13        472.47"
      ]
     },
     "execution_count": 86,
     "metadata": {},
     "output_type": "execute_result"
    }
   ],
   "source": [
    "df_comp['market_value'] = df_comp['spx']\n",
    "del df_comp[\"ftse\"], df_comp[\"dax\"], df_comp[\"nikkei\"], df_comp['spx']\n",
    "df_comp.head()"
   ]
  },
  {
   "cell_type": "markdown",
   "metadata": {},
   "source": [
    "### Splitting the data\n",
    "80% train set 20% test set"
   ]
  },
  {
   "cell_type": "code",
   "execution_count": 89,
   "metadata": {},
   "outputs": [],
   "source": [
    "size = int(len(df_comp)*0.8)\n",
    "\n",
    "df_train = df_comp.iloc[:size]\n",
    "df_test = df_comp.iloc[size:]"
   ]
  }
 ],
 "metadata": {
  "kernelspec": {
   "display_name": "pyther_env",
   "language": "python",
   "name": "python3"
  },
  "language_info": {
   "codemirror_mode": {
    "name": "ipython",
    "version": 3
   },
   "file_extension": ".py",
   "mimetype": "text/x-python",
   "name": "python",
   "nbconvert_exporter": "python",
   "pygments_lexer": "ipython3",
   "version": "3.11.8"
  }
 },
 "nbformat": 4,
 "nbformat_minor": 2
}
